8 8
8 4 4
4 4 8
12 4
16
3 3 3 3 2 2
3 3 6 4
2 2 4 8
3 5 4 2 2
3 5 4 4
3 7 6
3 3 10
8 6 2
6 2 8
4 2 8 2
2 3 3 8
6 10
4 4 4 4
6 2 12 8 4
6 8 2
6 6 2 2
6 6 4
4 2 2 8
4 2 4 2 2 2
8 7 17
8 7 11 6
6 2 3 5
6 2 3 3 2
7 9
12 2 2
3 3 3 3 4
7 7 2
8 5 3
3 2 7 4
6 2 4 2 2
7 6 3
6 4 6
6 4 2 4
6 4 2 2 2
4 2 6 4
7 5 4
6 2 4 4
8 6 14 4
8 6 12 3 3
5 3 8
5 3 5 3
14 2
4 3 9
7 5 2 2
6 2 6 2
3 4 4 5
10 6
6 6 16 4
6 6 16 2 2
2 3 3 3 3 2
2 3 3 2 3 3
8 2 6
32
2 2 2 10
8 2 2 2 10 2 6
